0 !LEOCAD MODEL AUTHOR Raphael Pinson
0 !LEOCAD MODEL DESCRIPTION Digger
0 !LEOCAD MODEL BACKGROUND GRADIENT 0.901961 0.937255 1 0.980392 1 0.870588
1 15 -60 -8 -60 1 0 0 0 1 0 0 0 1 3031.DAT
1 15 20 -8 -60 1 0 0 0 1 0 0 0 1 3031.DAT
0 STEP
1 0 -90 -16 -60.00079 0.000026 0 1 0 1 0 -1 0 0.000026 2926.DAT
1 0 50 -16 -59.997158 0.000026 0 1 0 1 0 -1 0 0.000026 2926.DAT
0 STEP
1 14 -20 -16 -60 1 0 0 0 1 0 0 0 1 3032.DAT
0 STEP
1 14 -20.000265 -40 -60 0.000026 0 1 0 1 0 -1 0 0.000026 3001.DAT
1 14 -80.001053 -40 -40.000259 -1 0 0.000053 0 1 0 -0.000053 0 -1 3001.DAT
1 14 -79.998947 -40 -80.000259 -1 0 0.000053 0 1 0 -0.000053 0 -1 3001.DAT
1 14 39.998932 -40 -39.993927 -1 0 0.000053 0 1 0 -0.000053 0 -1 3001.DAT
1 14 40.001053 -40 -79.993927 -1 0 0.000053 0 1 0 -0.000053 0 -1 3001.DAT
0 STEP
1 14 -109.999496 -48 -60.002167 0.000027 0 1 0 1 0 -1 0 0.000027 93274.DAT
1 14 70.000504 -48 -59.997292 0.000026 0 -1 0 1 0 1 0 0.000026 93274.DAT
0 STEP
1 14 -109.998718 -48 -29.992622 0.000026 0 -1 0 1 0 1 0 0.000026 4073.DAT
1 14 -110.000275 -48 -89.992622 0.000026 0 -1 0 1 0 1 0 0.000026 4073.DAT
0 STEP
1 25 70.001282 -64 -29.997292 0.000026 0 -1 0 1 0 1 0 0.000026 64288.DAT
1 25 69.999725 -64 -89.997292 0.000026 0 -1 0 1 0 1 0 0.000026 64288.DAT
1 25 70.000504 -56 -59.997292 0.000026 0 -1 0 1 0 1 0 0.000026 3023.DAT
1 25 -109.999496 -56 -59.992622 0.000026 0 -1 0 1 0 1 0 0.000026 3710.DAT
0 STEP
1 4 -109.998978 -56 -39.992622 -0.000079 0 1 0 1 0 -1 0 -0.000079 85984.DAT
1 4 -110.000015 -56 -79.992622 0.000027 0 1 0 1 0 -1 0 0.000027 85984.DAT
1 25 70.000504 -64 -59.997292 0.000026 0 -1 0 1 0 1 0 0.000026 3023.DAT
0 STEP
1 14 -60.001053 -64 -39.999199 -1 0 0.000053 0 1 0 -0.000053 0 -1 3001.DAT
1 14 19.998947 -64 -39.994957 -1 0 0.000053 0 1 0 -0.000053 0 -1 3001.DAT
1 14 20.001068 -64 -79.994957 -1 0 0.000053 0 1 0 -0.000053 0 -1 3001.DAT
1 14 -59.998932 -64 -79.999168 -1 0 0.000053 0 1 0 -0.000053 0 -1 3001.DAT
0 STEP
0 !LEOCAD GROUP BEGIN Hinge plate 1
1 0 -89.999466 -72 -59.999969 0.000027 0 1 0 1 0 -1 0 0.000027 92582S01.DAT
1 0 -69.999466 -72 -59.999435 0.000027 0 1 0 1 0 -1 0 0.000027 3023.DAT
1 0 -89.999466 -72 -59.999977 0.000027 0 1 0 1 0 -1 0 0.000027 3023.DAT
0 !LEOCAD GROUP END
1 503 -39.999992 -72 -59.998116 -1 0 0.000053 0 1 0 -0.000053 0 -1 3022.DAT
0 STEP
1 14 -9.999992 -72 -59.997314 0.000027 0 1 0 1 0 -1 0 0.000027 3023.DAT
0 STEP
1 14 40.000008 -72 -59.997314 1 0 0 0 1 0 0 0 1 3020.DAT
0 STEP
1 14 20.002911 -80 -89.997063 1 0 -0.000001 0 1 0 0.000001 0 1 6081.DAT
1 14 -59.997089 -80 -89.997124 1 0 -0.000001 0 1 0 0.000001 0 1 6081.DAT
1 14 -59.997158 -80 -29.997124 -1 0 0.000054 0 1 0 -0.000054 0 -1 6081.DAT
1 14 20.002842 -80 -29.992805 -1 0 0.000054 0 1 0 -0.000054 0 -1 6081.DAT
0 STEP
1 25 29.999962 -96 -59.997581 0.000027 0 1 0 1 0 -1 0 0.000027 3004.DAT
0 STEP
1 38 -49.999992 -96 -29.997314 1 0 0 0 1 0 0 0 1 64288.DAT
1 38 -49.999992 -96 -89.997314 1 0 0 0 1 0 0 0 1 64288.DAT
0 STEP
1 25 0.000008 -96 -89.997314 1 0 0 0 1 0 0 0 1 3010.DAT
1 25 0.000008 -96 -29.997314 1 0 0 0 1 0 0 0 1 3010.DAT
0 STEP
1 25 49.999481 -96 -39.997051 0.000026 0 1 0 1 0 -1 0 0.000026 3004.DAT
1 25 50.000519 -96 -79.997055 0.000026 0 1 0 1 0 -1 0 0.000026 3004.DAT
0 STEP
1 14 -29.999992 -80 -59.997852 0.000026 0 1 0 1 0 -1 0 0.000026 3829C01.DAT
0 STEP
1 14 -49.999466 -96 -59.998894 0.000027 0 1 0 1 0 -1 0 0.000027 93095.DAT
0 STEP
1 14 -20.001549 -96 -89.99678 0.000026 0 -1 0 1 0 1 0 0.000026 93273.DAT
1 14 -19.999992 -96 -29.996784 0.000026 0 -1 0 1 0 1 0 0.000026 93273.DAT
0 STEP
1 25 29.99942 -120 -39.997581 0.000027 0 1 0 1 0 -1 0 0.000027 3004.DAT
1 25 30.000504 -120 -79.997581 0.000027 0 1 0 1 0 -1 0 0.000027 3004.DAT
0 STEP
1 25 50 -120 -59.997055 0.000026 0 1 0 1 0 -1 0 0.000026 3010.DAT
0 STEP
1 14 39.999962 -128 -59.997314 0.000027 0 1 0 1 0 -1 0 0.000027 3020.DAT
0 STEP
1 38 39.999962 -152 -59.997314 0.000027 0 1 0 1 0 -1 0 0.000027 6143.DAT
0 STEP
1 14 -126.018944 -108.215515 -60.002743 -0.86603 -0.499992 0.000053 -0.499992 0.86603 0 -0.000046 -0.000026 -1 30387.DAT
1 14 -226.038086 -107.856018 -60.008003 -0.86603 0.499992 0.000053 0.499992 0.86603 0 -0.000046 0.000026 -1 30387.DAT
0 STEP
1 0 -284.651642 -68.071838 -60.002983 -0.000086 0.499992 -0.86603 -0.000026 0.86603 0.499992 1 0.000066 -0.000061 60471.DAT
0 STEP
1 0 -289.312012 -56.143681 -60.003067 -0.000086 0.499992 -0.86603 -0.000026 0.86603 0.499992 1 0.000066 -0.000061 3020.DAT
0 STEP
1 0 -284.649078 -68.07106 -90.002983 -0.000086 0.499992 -0.86603 -0.000026 0.86603 0.499992 1 0.000066 -0.000061 4073.DAT
1 0 -284.654205 -68.072617 -30.002983 -0.000086 0.499992 -0.86603 -0.000026 0.86603 0.499992 1 0.000066 -0.000061 4073.DAT
0 STEP
1 0 -301.968323 -58.071999 -90.005272 0.000132 0.499992 0.86603 0 0.86603 -0.499992 -1 0.000066 0.000114 49668.DAT
1 0 -301.976227 -58.071999 -30.00527 0.000132 0.499992 0.86603 0 0.86603 -0.499992 -1 0.000066 0.000114 49668.DAT
1 0 -301.973602 -58.071999 -50.005272 0.000132 0.499992 0.86603 0 0.86603 -0.499992 -1 0.000066 0.000114 49668.DAT
1 0 -301.970978 -58.071999 -70.005272 0.000132 0.499992 0.86603 0 0.86603 -0.499992 -1 0.000066 0.000114 49668.DAT
0 STEP
1 14 -296.651459 -88.85656 -60.00457 0.000132 0.499992 0.86603 0 0.86603 -0.499992 -1 0.000066 0.000114 3037.DAT
0 STEP
1 38 89.99472 -28.007547 -80.00795 0.000106 -1 -0.000026 0.000026 0.000026 -1 1 0.000106 0.000026 4073.DAT
1 38 89.998962 -28.00651 -40.007954 0.000106 -1 -0.000026 0.000026 0.000026 -1 1 0.000106 0.000026 4073.DAT
1 46 -134.003189 -28.001726 -80.000313 -0.000053 1 -0.000026 -0.000026 -0.000026 -1 -1 -0.000053 0.000026 4073.DAT
1 46 -134.001053 -28.000689 -40.000313 -0.000053 1 -0.000026 -0.000026 -0.000026 -1 -1 -0.000053 0.000026 4073.DAT
0 STEP
1 14 -89.999474 -8 -10.00742 -1 0 0.000053 0 1 0 -0.000053 0 -1 6014.DAT
1 14 50 -8 -10 -1 0 0.000053 0 1 0 -0.000053 0 -1 6014.DAT
1 14 50 -8 -110 1 0 0 0 1 0 0 0 1 6014.DAT
1 14 -90 -8 -110 1 0 0 0 1 0 0 0 1 6014.DAT
0 STEP
1 0 -89.994164 -8 -120.007393 -1 0 0.000053 0 1 0 -0.000053 0 -1 87697.DAT
1 0 50.005836 -8 -120 -1 0 0.000053 0 1 0 -0.000053 0 -1 87697.DAT
1 0 -90.000526 -8 -0.00742 -1 0 0.000053 0 1 0 -0.000053 0 -1 87697.DAT
1 0 49.999474 -8 0 -1 0 0.000053 0 1 0 -0.000053 0 -1 87697.DAT
0 STEP
0 !LEOCAD GROUP BEGIN Minifig #04
1 14 0.001586 -160 -60 0.000026 0 1 0 1 0 -1 0 0.000026 3833.DAT
1 14 0.001586 -160 -60 0.000026 0 1 0 1 0 -1 0 0.000026 3626BP01.DAT
1 1 0.001586 -136 -60 0.000026 0 1 0 1 0 -1 0 0.000026 973P8I.DAT
1 0 0.001586 -104 -60 0.000026 0 1 0 1 0 -1 0 0.000026 3815.DAT
1 4 0.001989 -127.999985 -75.500023 0.000026 -0.642775 0.766055 -0.170052 0.754895 0.633417 -0.985435 -0.130286 -0.109285 3819.DAT
1 4 0.00118 -127.999992 -44.499977 0.000026 -0.642782 0.766049 0.170052 0.754895 0.633417 -0.985435 0.130252 0.109326 3818.DAT
1 14 -19.871157 -120.84137 -81.809776 0.000026 0.087159 0.996194 -0.170052 0.981685 -0.085885 -0.985435 -0.169402 0.014847 3820.DAT
1 14 -19.872314 -120.841431 -38.191288 0.000026 0.08715 0.996195 0.170052 0.981685 -0.085885 -0.985435 0.169407 -0.014794 3820.DAT
1 0 0.001586 -92 -60 0.000026 -1 0.000026 0 0.000026 1 -1 -0.000026 0 3817.DAT
1 0 0.001586 -92 -60 0.000026 -1 0.000026 0 0.000026 1 -1 -0.000026 0 3816.DAT
0 STEP
0 STEP
0 STEP
0 STEP
0 STEP
0 STEP
0 STEP
0 STEP
0 STEP
0 STEP
0 STEP
0 STEP
0 STEP
0 STEP
0 STEP
0 STEP
0 STEP
0 STEP
0 STEP
0 STEP
0 STEP
0 !LEOCAD GROUP END
